100
1893.21
671.344
574.853
518.084
444.855
426.165
398.746
346.707
335.462
316.089
289.287
276.37
256.366
253.345
245.518
239.653
231.393
221.73
216.298
213.284
211.994
202.224
199.896
196.857
192.349
187.233
184.357
182.541
180.001
177.408
173.455
170.391
167.94
166.662
166.393
164.4
163.968
161.83
161.027
158.575
157.634
156.824
154.682
154.406
154.197
152.627
150.263
149.363
147.632
147.25
146.697
144.731
143.785
142.689
141.908
140.865
140.141
139.253
137.949
137.477
137.235
136.388
136.344
135.642
135.016
134.457
134.074
133.031
132.96
132.069
131.891
130.92
130.261
130.159
129.391
129.328
128.534
128.461
128.003
127.633
127.332
126.425
126.194
126.004
125.432
124.833
124.748
124.272
124.021
123.534
123.193
122.647
122.425
121.99
121.85
121.672
120.992
120.833
120.657
120.366
